228 163.691800 5.888353 -1.275295 87.804841 0.012119 0.711311 0.002843 0.702768
17 13.893950 6.276647 -1.312375 87.467776 0.014832 0.686171 0.004373 0.727276
229 164.521700 11.271736 -1.427690 87.725144 0.020558 0.711258 0.010295 0.702555
18 14.619680 10.636265 -1.415283 87.633348 0.019599 0.694315 0.009032 0.719348
235 169.082700 48.768602 -2.497499 87.672658 0.003537 0.738974 -0.009909 0.673651
25 19.802910 47.999720 -2.477106 87.446611 0.012562 0.735143 0.002398 0.677791
368 254.286200 68.384502 -3.765549 231.364750 -0.003731 -0.025858 0.002365 0.999656
52 41.887680 68.500820 -3.840810 233.892076 -0.010237 -0.027395 0.016370 0.999438
513 342.904900 130.325097 -5.343898 219.847865 -0.021927 -0.717234 0.008864 0.696431
351 245.060100 130.812220 -5.310862 220.195414 -0.026204 -0.720283 0.008417 0.693134
515 343.940700 120.822564 -5.110267 219.607453 -0.026414 -0.716310 0.006843 0.697248
353 245.992800 121.606133 -5.109268 219.765381 -0.026271 -0.724595 0.008691 0.688619
520 345.495000 105.666275 -4.777421 218.782128 -0.025864 -0.724781 0.008258 0.688444
357 247.651500 105.399736 -4.732105 218.858625 -0.026366 -0.723628 0.008037 0.689640
522 346.324200 97.972038 -4.596508 218.404858 -0.034731 -0.723487 0.008115 0.689416
359 248.480700 97.735980 -4.589213 218.522130 -0.036487 -0.722448 0.012549 0.690348
523 346.842400 93.267026 -4.475670 218.182393 -0.040033 -0.723717 0.003286 0.688927
360 248.895200 94.006085 -4.515463 218.310429 -0.039015 -0.728344 0.011171 0.684009
524 347.257000 89.716095 -4.377594 217.959930 -0.036836 -0.725676 0.004116 0.687037
361 249.309900 90.427404 -4.427490 218.026848 -0.037560 -0.732284 0.007438 0.679922
525 347.671700 86.431940 -4.283857 217.706606 -0.034182 -0.725941 0.004251 0.686894
362 249.724500 87.095941 -4.317640 217.762820 -0.037235 -0.731018 0.003933 0.681330
530 352.750300 68.481978 -3.814665 229.534253 0.003585 -0.049399 0.004941 0.998760
51 40.850980 68.732552 -3.789493 227.657730 -0.005287 -0.016636 0.010542 0.999792
533 355.230800 65.315555 -3.866202 241.130053 -0.004159 -0.354077 -0.021359 0.934963
54 43.647150 65.799234 -3.887830 241.180834 0.000554 -0.337290 -0.017445 0.941239
534 355.644600 63.727268 -3.797052 242.228579 -0.014125 -0.470815 -0.030768 0.881582
55 44.165420 64.097072 -3.812227 242.342567 -0.013552 -0.468775 -0.030986 0.882670
536 356.785600 58.179717 -3.518571 243.247791 -0.009311 -0.699210 -0.018890 0.714606
57 45.514850 58.080580 -3.549823 243.347700 -0.007783 -0.709234 -0.017772 0.704706
537 357.513800 54.063223 -3.410267 243.021090 -0.002458 -0.723138 -0.018392 0.690454
58 46.138420 54.699246 -3.436034 243.097048 -0.004761 -0.728221 -0.019217 0.685057
539 359.069500 41.894404 -3.082127 242.345548 -0.010922 -0.725943 -0.011014 0.687580
60 47.695090 43.060622 -3.148614 242.385019 -0.012715 -0.723133 -0.014568 0.690438
540 359.587900 36.943825 -2.971844 241.996725 -0.013786 -0.730401 -0.010831 0.682793
61 48.213880 38.645504 -3.033970 242.154629 -0.014935 -0.724211 -0.012936 0.689295
545 362.282600 9.450895 -2.367978 239.745905 -0.004984 -0.737408 -0.022606 0.675051
67 52.152940 7.371873 -2.349775 239.584420 -0.002406 -0.742218 -0.024491 0.669707
551 369.020000 -15.878325 -1.980906 249.014117 -0.000859 -0.030440 -0.000369 0.999536
73 62.104790 -15.805996 -1.981975 247.961988 -0.000823 -0.049469 -0.002019 0.998773
552 369.742800 -16.158052 -1.969423 254.598200 -0.003154 -0.022195 0.002556 0.999745
74 62.932200 -15.978769 -2.039256 253.296568 0.001775 -0.011785 0.000329 0.999929
562 375.650300 -19.817840 -2.870746 322.287255 0.000114 -0.026293 -0.008689 0.999617
84 69.980930 -19.734555 -2.832635 320.693506 0.002277 -0.024134 -0.008909 0.999666
573 383.526700 -35.726490 -3.218031 371.233665 -0.011463 -0.766172 -0.004303 0.642519
94 78.791490 -35.640313 -3.215971 370.566108 -0.004680 -0.747727 -0.007259 0.663950
574 384.254400 -40.949890 -3.117483 370.345498 -0.006865 -0.756465 -0.006148 0.653969
95 79.415180 -39.760306 -3.152594 370.138155 -0.005244 -0.740735 -0.008764 0.671720
575 384.773200 -45.250488 -3.048584 369.782753 -0.001618 -0.741102 -0.014565 0.671233
96 80.037500 -44.406558 -3.054186 369.755488 -0.003646 -0.729188 -0.018834 0.684045
576 385.395100 -51.061546 -2.907481 369.350888 -0.009983 -0.731094 -0.016061 0.682014
97 80.970420 -52.310446 -2.821825 369.313616 -0.007660 -0.720661 -0.019252 0.692978
579 386.742300 -65.036520 -2.599162 368.440410 -0.004044 -0.724894 -0.020789 0.688534
100 82.525020 -66.186067 -2.574810 368.366590 -0.006163 -0.733846 -0.021671 0.678942
580 387.364100 -71.636974 -2.449722 367.941507 -0.003414 -0.728455 -0.019077 0.684820
101 83.250970 -72.489164 -2.424841 367.737348 -0.003019 -0.736804 -0.022757 0.675716
581 387.882500 -77.124319 -2.346338 367.479761 -0.002703 -0.728864 -0.022088 0.684297
102 83.976710 -78.723808 -2.298667 367.176490 -0.000098 -0.727803 -0.025310 0.685319
582 388.504400 -83.524909 -2.219837 367.077652 -0.001359 -0.721497 -0.022337 0.692056
103 84.805710 -85.755191 -2.166485 366.903924 0.000695 -0.714087 -0.024205 0.699638
583 389.437300 -92.497627 -2.029657 366.760717 -0.004837 -0.713587 -0.018667 0.700301
104 85.946050 -94.431337 -2.027174 366.830295 -0.008018 -0.709965 -0.015083 0.704030
584 390.473200 -101.276263 -1.892459 366.350117 -0.010095 -0.735001 -0.008778 0.677934
105 86.982510 -100.488888 -1.902837 366.491268 -0.007837 -0.732989 -0.011433 0.680100
585 391.199200 -107.424471 -1.841298 365.554975 0.001963 -0.749250 -0.011421 0.662186
106 88.019280 -106.445300 -1.849171 365.787953 0.001136 -0.748321 -0.010623 0.663251
586 391.821400 -113.114413 -1.708555 364.848810 -0.000317 -0.740931 -0.025455 0.671098
107 88.745080 -111.122009 -1.767001 365.121029 -0.007340 -0.749868 -0.026272 0.661024
589 393.997900 -136.859753 -1.294280 363.592022 -0.003729 -0.713129 -0.017662 0.700801
111 91.855040 -138.261537 -1.264944 363.550853 -0.001020 -0.715579 -0.010704 0.698449
590 394.619200 -143.831534 -1.244304 363.336544 -0.004289 -0.723550 -0.008808 0.690203
112 92.476860 -144.143827 -1.213350 363.264657 -0.002708 -0.722891 -0.013355 0.690827
591 395.033900 -148.415627 -1.202998 363.023041 -0.005591 -0.727690 -0.012892 0.685762
113 92.994930 -148.977069 -1.189329 362.990041 -0.006794 -0.725916 -0.013661 0.687614
592 395.344800 -151.859475 -1.149074 362.783886 -0.004555 -0.729623 -0.013538 0.683701
114 93.409390 -152.816357 -1.127933 362.709652 -0.002433 -0.730231 -0.011650 0.683097
594 396.174100 -160.905217 -1.020983 362.117565 -0.007281 -0.734275 -0.014286 0.678663
116 94.342550 -161.271831 -1.008625 362.017884 -0.004713 -0.732700 -0.015449 0.680360
595 396.795900 -167.568777 -0.949087 361.480283 -0.010442 -0.737348 -0.015928 0.675245
117 95.068250 -167.691743 -0.933761 361.531387 -0.009279 -0.729050 -0.015829 0.684215
596 397.417900 -174.122155 -0.834453 360.878914 -0.004985 -0.734996 -0.010221 0.677976
118 95.793800 -173.525855 -0.834384 361.097672 -0.008837 -0.729833 -0.010865 0.683482
721 462.497500 -0.169274 -0.140285 9.534961 0.002890 -0.020669 0.001877 0.999780
1 1.244242 -0.330634 -0.109884 9.247412 0.001497 -0.024085 -0.003196 0.999704
729 467.783200 -4.153559 -0.529283 62.951059 0.000816 -0.032456 0.003266 0.999467
10 7.567786 -4.550076 -0.800663 65.853286 -0.002346 -0.046250 0.000390 0.998927
